xof 0303txt 0032
template Frame {
 <3d82ab46-62da-11cf-ab39-0020af71e433>
 [...]
}

template Matrix4x4 {
 <f6f23f45-7686-11cf-8f52-0040333594a3>
 array FLOAT matrix[16];
}

template FrameTransformMatrix {
 <f6f23f41-7686-11cf-8f52-0040333594a3>
 Matrix4x4 frameMatrix;
}

template Vector {
 <3d82ab5e-62da-11cf-ab39-0020af71e433>
 FLOAT x;
 FLOAT y;
 FLOAT z;
}

template MeshFace {
 <3d82ab5f-62da-11cf-ab39-0020af71e433>
 DWORD nFaceVertexIndices;
 array DWORD faceVertexIndices[nFaceVertexIndices];
}

template Mesh {
 <3d82ab44-62da-11cf-ab39-0020af71e433>
 DWORD nVertices;
 array Vector vertices[nVertices];
 DWORD nFaces;
 array MeshFace faces[nFaces];
 [...]
}

template MeshNormals {
 <f6f23f43-7686-11cf-8f52-0040333594a3>
 DWORD nNormals;
 array Vector normals[nNormals];
 DWORD nFaceNormals;
 array MeshFace faceNormals[nFaceNormals];
}

template ColorRGBA {
 <35ff44e0-6c7c-11cf-8f52-0040333594a3>
 FLOAT red;
 FLOAT green;
 FLOAT blue;
 FLOAT alpha;
}

template ColorRGB {
 <d3e16e81-7835-11cf-8f52-0040333594a3>
 FLOAT red;
 FLOAT green;
 FLOAT blue;
}

template Material {
 <3d82ab4d-62da-11cf-ab39-0020af71e433>
 ColorRGBA faceColor;
 FLOAT power;
 ColorRGB specularColor;
 ColorRGB emissiveColor;
 [...]
}

template MeshMaterialList {
 <f6f23f42-7686-11cf-8f52-0040333594a3>
 DWORD nMaterials;
 DWORD nFaceIndexes;
 array DWORD faceIndexes[nFaceIndexes];
 [Material <3d82ab4d-62da-11cf-ab39-0020af71e433>]
}

template TextureFilename {
 <a42790e1-7810-11cf-8f52-0040333594a3>
 STRING filename;
}

template Coords2d {
 <f6f23f44-7686-11cf-8f52-0040333594a3>
 FLOAT u;
 FLOAT v;
}

template MeshTextureCoords {
 <f6f23f40-7686-11cf-8f52-0040333594a3>
 DWORD nTextureCoords;
 array Coords2d textureCoords[nTextureCoords];
}

template XSkinMeshHeader {
 <3cf169ce-ff7c-44ab-93c0-f78f62d172e2>
 WORD nMaxSkinWeightsPerVertex;
 WORD nMaxSkinWeightsPerFace;
 WORD nBones;
}

template SkinWeights {
 <6f0d123b-bad2-4167-a0d0-80224f25fabb>
 STRING transformNodeName;
 DWORD nWeights;
 array DWORD vertexIndices[nWeights];
 array FLOAT weights[nWeights];
 Matrix4x4 matrixOffset;
}

template Animation {
 <3d82ab4f-62da-11cf-ab39-0020af71e433>
 [...]
}

template AnimationSet {
 <3d82ab50-62da-11cf-ab39-0020af71e433>
 [Animation <3d82ab4f-62da-11cf-ab39-0020af71e433>]
}

template AnimationOptions {
 <e2bf56c0-840f-11cf-8f52-0040333594a3>
 DWORD openclosed;
 DWORD positionquality;
}

template FloatKeys {
 <10dd46a9-775b-11cf-8f52-0040333594a3>
 DWORD nValues;
 array FLOAT values[nValues];
}

template TimedFloatKeys {
 <f406b180-7b3b-11cf-8f52-0040333594a3>
 DWORD time;
 FloatKeys tfkeys;
}

template AnimationKey {
 <10dd46a8-775b-11cf-8f52-0040333594a3>
 DWORD keyType;
 DWORD nKeys;
 array TimedFloatKeys keys[nKeys];
}


Frame Bip01 {
 

 FrameTransformMatrix {
  0.000001,-0.994862,-0.101238,0.000000,-0.026177,0.101204,-0.994521,0.000000,0.999657,0.002651,-0.026042,0.000000,0.000000,5.282441,2.329951,1.000000;;
 }

 Frame {
  

  FrameTransformMatrix {
   0.083749,0.000000,0.000000,0.000000,-0.000000,0.083749,0.000000,0.000000,-0.000000,-0.000000,0.083749,0.000000,0.000000,0.000000,0.000000,1.000000;;
  }
 }

 Frame Bip01_Pelvis {
  

  FrameTransformMatrix {
   -0.015134,0.966156,0.257514,0.000000,-0.172989,-0.256190,0.951021,0.000000,0.984807,-0.030154,0.171011,0.000000,0.000000,0.000000,0.000000,1.000000;;
  }

  Frame {
   

   FrameTransformMatrix {
    4.484742,0.000000,-0.000000,0.000000,0.000000,3.349960,-0.000000,0.000000,-0.000000,0.000000,7.312831,0.000000,0.000000,0.000000,0.000000,1.000000;;
   }
  }

  Frame Bip01_Spine {
   

   FrameTransformMatrix {
    0.953285,-0.278964,0.115879,0.000000,0.257513,0.951021,0.171014,0.000000,-0.157910,-0.133185,0.978431,0.000000,1.444040,-0.382680,-0.046331,1.000000;;
   }

   Frame {
    

    FrameTransformMatrix {
     1.053604,-0.000000,-0.000000,0.000000,-0.000000,4.206542,-0.000000,0.000000,0.000000,-0.000000,6.811728,0.000000,0.000000,0.000000,0.000000,1.000000;;
    }
   }

   Frame Bip01_Spine1 {
    

    FrameTransformMatrix {
     0.995559,-0.087225,-0.035413,0.000000,0.089934,0.992404,0.083943,0.000000,0.027822,-0.086755,0.995841,0.000000,1.053552,0.000158,-0.001817,1.000000;;
    }

    Frame {
     

     FrameTransformMatrix {
      2.290982,-0.000000,0.000000,0.000000,0.000000,3.080945,0.000000,0.000000,0.000000,-0.000000,8.535633,0.000000,0.000000,0.000000,0.000000,1.000000;;
     }
    }

    Frame Bip01_Neck {
     

     FrameTransformMatrix {
      0.984576,0.173648,0.021366,0.000000,-0.173610,0.984808,-0.003627,0.000000,-0.021671,-0.000138,0.999765,0.000000,2.524712,0.000000,-0.731710,1.000000;;
     }

     Frame {
      

      FrameTransformMatrix {
       1.587614,0.000000,0.000000,0.000000,0.000000,6.592210,0.000000,0.000000,-0.000000,-0.000000,6.777214,0.000000,0.000000,0.000000,0.000000,1.000000;;
      }
     }

     Frame Bip01_Neck1 {
      

      FrameTransformMatrix {
       0.927611,-0.000001,-0.373548,0.000000,0.000001,1.000000,-0.000000,0.000000,0.373549,-0.000000,0.927611,0.000000,1.587225,0.000000,-0.000965,1.000000;;
      }

      Frame {
       

       FrameTransformMatrix {
        1.305379,-0.000000,0.000000,0.000000,0.000000,5.480616,-0.000000,0.000000,-0.000000,-0.000000,6.275494,0.000000,0.000000,0.000000,0.000000,1.000000;;
       }
      }

      Frame Bip01_Neck2 {
       

       FrameTransformMatrix {
        0.913533,-0.000001,-0.406764,0.000000,0.000001,1.000000,-0.000000,0.000000,0.406764,-0.000000,0.913533,0.000000,1.304762,0.000000,-0.001386,1.000000;;
       }

       Frame {
        

        FrameTransformMatrix {
         1.905256,-0.000000,0.000000,0.000000,0.000000,4.713085,-0.000000,0.000000,0.000000,0.000000,6.962122,0.000000,0.000000,0.000000,0.000000,1.000000;;
        }
       }

       Frame Bip01_Head {
        

        FrameTransformMatrix {
         0.845564,-0.101229,-0.524189,0.000000,0.119899,0.992785,0.001687,0.000000,0.520236,-0.064276,0.851601,0.000000,1.905257,0.000000,-0.000001,1.000000;;
        }

        Frame {
         

         FrameTransformMatrix {
          1.509100,-0.000000,0.000000,0.000000,0.000000,1.930353,-0.000000,0.000000,0.000000,0.000000,6.059709,0.000000,0.000000,0.000000,0.000000,1.000000;;
         }
        }

        Frame Bip01_HeadNub {
         

         FrameTransformMatrix {
          1.000000,-0.000000,-0.000000,0.000000,0.000000,1.000000,-0.000000,0.000000,-0.000000,-0.000000,1.000000,0.000000,1.509100,0.000000,0.000000,1.000000;;
         }

         Frame {
          

          FrameTransformMatrix {
           0.241294,-0.000000,0.000000,0.000000,0.000000,0.241294,-0.000000,0.000000,-0.000000,-0.000000,0.241294,0.000000,0.000000,0.000000,0.000000,1.000000;;
          }
         }
        }

        Frame Bip01_Ponytail1 {
         

         FrameTransformMatrix {
          -0.082387,0.000003,0.996600,0.000000,-0.000003,1.000000,-0.000003,0.000000,-0.996600,-0.000003,-0.082387,0.000000,0.297982,0.000001,0.929139,1.000000;;
         }

         Frame {
          

          FrameTransformMatrix {
           0.984528,0.000000,0.000000,0.000000,0.000000,1.777685,-0.000000,0.000000,-0.000000,0.000000,0.895155,0.000000,0.000000,0.000000,0.000000,1.000000;;
          }
         }

         Frame Bip01_Ponytail11 {
          

          FrameTransformMatrix {
           0.999097,0.000000,0.042487,0.000000,-0.000000,1.000000,-0.000000,0.000000,-0.042487,-0.000000,0.999097,0.000000,0.984558,-0.000000,-0.000753,1.000000;;
          }

          Frame {
           

           FrameTransformMatrix {
            0.947050,0.000000,0.000000,0.000000,0.000000,1.777684,-0.000000,0.000000,-0.000000,-0.000000,0.895155,0.000000,0.000000,0.000000,0.000000,1.000000;;
           }
          }

          Frame Bip01_Ponytail1Nub {
           

           FrameTransformMatrix {
            0.000796,0.000003,1.000000,0.000000,-0.000000,-1.000000,0.000003,0.000000,1.000000,-0.000000,-0.000796,0.000000,0.947050,0.000000,-0.000001,1.000000;;
           }

           Frame {
            

            FrameTransformMatrix {
             0.223789,-0.000000,-0.000000,0.000000,0.000000,0.444421,-0.000000,0.000000,-0.000000,0.000000,0.094705,0.000000,0.000000,0.000000,0.000000,1.000000;;
            }
           }
          }
         }
        }

        Frame Bip01_Ponytail2 {
         

         FrameTransformMatrix {
          -0.238464,0.000003,0.971152,0.000000,-0.000003,1.000000,-0.000003,0.000000,-0.971151,-0.000003,-0.238464,0.000000,0.233906,0.000004,0.346134,1.000000;;
         }

         Frame {
          

          FrameTransformMatrix {
           3.784649,0.000000,0.000000,0.000000,0.000000,3.997033,0.000000,0.000000,-0.000000,-0.000000,2.718608,0.000000,0.000000,0.000000,0.000000,1.000000;;
          }
         }

         Frame Bip01_Ponytail2Nub {
          

          FrameTransformMatrix {
           0.000796,0.000003,1.000000,0.000000,0.000000,-1.000000,0.000003,0.000000,1.000000,-0.000000,-0.000796,0.000000,3.784647,0.000000,0.000000,1.000000;;
          }

          Frame {
           

           FrameTransformMatrix {
            0.679652,-0.000000,-0.000000,0.000000,-0.000000,0.999258,-0.000000,0.000000,0.000000,0.000000,0.378465,0.000000,0.000000,0.000000,0.000000,1.000000;;
           }
          }
         }
        }
       }

       Frame Bone31 {
        

        FrameTransformMatrix {
         -0.696255,-0.173648,0.696473,0.000000,0.122769,-0.984808,-0.122806,0.000000,0.707217,0.000001,0.706996,0.000000,0.794456,0.000002,1.581514,1.000000;;
        }

        Frame {
         

         FrameTransformMatrix {
          1.000000,-0.000000,-0.000000,0.000000,0.000000,1.000000,-0.000000,0.000000,-0.000000,0.000000,1.000000,0.000000,0.000000,0.000000,0.000000,1.000000;;
         }
        }

        Frame Bone32 {
         

         FrameTransformMatrix {
          1.000000,-0.000000,-0.000000,0.000000,0.000000,1.000000,0.000000,0.000000,-0.000000,0.000000,1.000000,0.000000,1.219378,-0.000000,0.000000,1.000000;;
         }
        }
       }
      }

      Frame Bone27 {
       

       FrameTransformMatrix {
        -0.950987,0.000000,0.309233,0.000000,-0.198771,-0.766045,-0.611281,0.000000,0.236886,-0.642786,0.728499,0.000000,2.027535,0.000001,1.706190,1.000000;;
       }

       Frame {
        

        FrameTransformMatrix {
         1.000001,0.000000,-0.000000,0.000000,-0.000000,1.000000,0.000000,0.000000,0.000000,-0.000000,1.000000,0.000000,0.000000,0.000000,0.000000,1.000000;;
        }
       }

       Frame Bone28 {
        

        FrameTransformMatrix {
         1.000000,-0.000000,0.000000,0.000000,-0.000000,1.000000,-0.000000,0.000000,-0.000000,-0.000000,1.000000,0.000000,2.122011,-0.000000,0.000000,1.000000;;
        }
       }
      }
     }

     Frame Bip01_L_Clavicle {
      

      FrameTransformMatrix {
       0.173648,0.984808,-0.000141,0.000000,0.984559,-0.173607,-0.022467,0.000000,-0.022150,0.003763,-0.999748,0.000000,0.274533,0.027679,0.495518,1.000000;;
      }

      Frame {
       

       FrameTransformMatrix {
        1.178401,-0.000000,0.000000,0.000000,0.000000,2.218796,0.000000,0.000000,0.000000,0.000000,2.884436,0.000000,0.000000,0.000000,0.000000,1.000000;;
       }
      }

      Frame Bip01_L_UpperArm {
       

       FrameTransformMatrix {
        0.299192,-0.022608,-0.953925,0.000000,0.952861,0.059881,0.297439,0.000000,0.050398,-0.997950,0.039458,0.000000,1.178402,0.000000,-0.000001,1.000000;;
       }

       Frame {
        

        FrameTransformMatrix {
         3.436885,0.000000,-0.000000,0.000000,0.000000,7.358848,-0.000000,0.000000,-0.000000,0.000000,7.358848,0.000000,0.000000,0.000000,0.000000,1.000000;;
        }
       }

       Frame Bip01_L_Forearm {
        

        FrameTransformMatrix {
         0.444889,0.000000,-0.895586,0.000000,0.000000,1.000000,-0.000000,0.000000,0.895586,0.000000,0.444889,0.000000,3.436886,-0.000000,0.000000,1.000000;;
        }

        Frame {
         

         FrameTransformMatrix {
          3.094447,0.000000,-0.000000,0.000000,-0.000000,6.201234,0.000000,0.000000,0.000000,0.000000,6.201234,0.000000,0.000000,0.000000,0.000000,1.000000;;
         }
        }

        Frame Bip01_L_Hand {
         

         FrameTransformMatrix {
          0.873041,0.087421,-0.479748,0.000000,0.078777,0.945595,0.315666,0.000000,0.481243,-0.313383,0.818655,0.000000,3.094448,0.000000,-0.000000,1.000000;;
         }

         Frame {
          

          FrameTransformMatrix {
           0.839067,0.000000,-0.000000,0.000000,-0.000000,1.533392,0.000000,0.000000,-0.000000,-0.000000,1.860090,0.000000,0.000000,0.000000,0.000000,1.000000;;
          }
         }

         Frame Bip01_L_Finger0 {
          

          FrameTransformMatrix {
           0.800624,-0.574287,-0.170871,0.000000,0.492946,0.793445,-0.357000,0.000000,0.340597,0.201593,0.918343,0.000000,0.623954,-0.892073,0.205606,1.000000;;
          }

          Frame {
           

           FrameTransformMatrix {
            0.379005,-0.000000,-0.000000,0.000000,-0.000000,0.792097,-0.000000,0.000000,-0.000000,0.000000,0.801572,0.000000,0.000000,0.000000,0.000000,1.000000;;
           }
          }

          Frame Bip01_L_Finger01 {
           

           FrameTransformMatrix {
            0.305965,0.000000,0.952043,0.000000,-0.000000,1.000000,0.000000,0.000000,-0.952043,-0.000000,0.305965,0.000000,0.379005,0.000000,0.000000,1.000000;;
           }

           Frame {
            

            FrameTransformMatrix {
             0.951049,0.000000,-0.000000,0.000000,0.000000,0.383348,0.000000,0.000000,-0.000000,0.000000,0.383348,0.000000,0.000000,0.000000,0.000000,1.000000;;
            }
           }

           Frame Bip01_L_Finger0Nub {
            

            FrameTransformMatrix {
             1.000000,0.000000,-0.000000,0.000000,-0.000000,1.000000,-0.000000,0.000000,0.000000,0.000000,1.000000,0.000000,0.951049,0.000000,0.000000,1.000000;;
            }

            Frame {
             

             FrameTransformMatrix {
              0.158508,0.000000,-0.000000,0.000000,0.000000,0.095837,0.000000,0.000000,-0.000000,0.000000,0.095837,0.000000,0.000000,0.000000,0.000000,1.000000;;
             }
            }
           }
          }
         }

         Frame Bip01_L_Finger1 {
          

          FrameTransformMatrix {
           0.962242,-0.014060,-0.271830,0.000000,0.040186,0.995059,0.090784,0.000000,0.269211,-0.098280,0.958053,0.000000,1.198957,0.115259,-0.140989,1.000000;;
          }

          Frame {
           

           FrameTransformMatrix {
            0.482154,0.000000,0.000000,0.000000,-0.000000,1.083091,0.000000,0.000000,0.000000,-0.000000,1.099752,0.000000,0.000000,0.000000,0.000000,1.000000;;
           }
          }

          Frame Bip01_L_Finger11 {
           

           FrameTransformMatrix {
            0.152678,0.000000,0.988276,0.000000,0.000000,1.000000,-0.000000,0.000000,-0.988276,0.000000,0.152678,0.000000,0.482154,-0.000000,-0.000000,1.000000;;
           }

           Frame {
            

            FrameTransformMatrix {
             1.415899,0.000000,0.000000,0.000000,0.000000,0.460018,-0.000000,0.000000,-0.000000,-0.000000,0.460017,0.000000,0.000000,0.000000,0.000000,1.000000;;
            }
           }

           Frame Bip01_L_Finger1Nub {
            

            FrameTransformMatrix {
             1.000000,0.000000,0.000000,0.000000,-0.000000,1.000000,-0.000000,0.000000,-0.000000,-0.000000,1.000000,0.000000,1.415899,0.000000,0.000000,1.000000;;
            }

            Frame {
             

             FrameTransformMatrix {
              0.235983,0.000000,0.000000,0.000000,0.000000,0.115004,-0.000000,0.000000,-0.000000,-0.000000,0.115004,0.000000,0.000000,0.000000,0.000000,1.000000;;
             }
            }
           }
          }
         }

         Frame Bip01_L_Finger2 {
          

          FrameTransformMatrix {
           0.965804,0.240238,-0.097511,0.000000,-0.221043,0.959508,0.174599,0.000000,0.135508,-0.147074,0.979799,0.000000,0.762781,0.730512,0.118135,1.000000;;
          }

          Frame {
           

           FrameTransformMatrix {
            0.367889,-0.000000,0.000000,0.000000,0.000000,0.799587,-0.000000,0.000000,-0.000000,-0.000000,0.925613,0.000000,0.000000,0.000000,0.000000,1.000000;;
           }
          }

          Frame Bip01_L_Finger21 {
           

           FrameTransformMatrix {
            0.345049,-0.000000,0.938585,0.000000,-0.000000,1.000000,-0.000000,0.000000,-0.938585,0.000000,0.345049,0.000000,0.367890,-0.000000,0.000000,1.000000;;
           }

           Frame {
            

            FrameTransformMatrix {
             0.868590,-0.000000,-0.000000,0.000000,-0.000000,0.383348,0.000000,0.000000,0.000000,0.000000,0.383348,0.000000,0.000000,0.000000,0.000000,1.000000;;
            }
           }

           Frame Bip01_L_Finger2Nub {
            

            FrameTransformMatrix {
             1.000000,-0.000000,-0.000000,0.000000,-0.000000,1.000000,0.000000,0.000000,-0.000000,-0.000000,1.000000,0.000000,0.868590,0.000000,-0.000000,1.000000;;
            }

            Frame {
             

             FrameTransformMatrix {
              0.144765,-0.000000,-0.000000,0.000000,-0.000000,0.095837,0.000000,0.000000,-0.000000,0.000000,0.095837,0.000000,0.000000,0.000000,0.000000,1.000000;;
             }
            }
           }
          }
         }
        }
       }
      }
     }

     Frame Bip01_R_Clavicle {
      

      FrameTransformMatrix {
       -0.173648,-0.984808,0.000141,0.000000,-0.984559,0.173607,0.022467,0.000000,-0.022150,0.003763,-0.999748,0.000000,0.248533,-0.119772,0.495539,1.000000;;
      }

      Frame {
       

       FrameTransformMatrix {
        1.178401,0.000000,0.000000,0.000000,-0.000000,2.218796,-0.000000,0.000000,0.000000,-0.000000,2.884436,0.000000,0.000000,0.000000,0.000000,1.000000;;
       }
      }

      Frame Bip01_R_UpperArm {
       

       FrameTransformMatrix {
        0.150463,0.936142,-0.317804,0.000000,-0.946575,0.229165,0.226891,0.000000,0.285232,0.266686,0.920609,0.000000,1.178401,0.000000,0.000000,1.000000;;
       }

       Frame {
        

        FrameTransformMatrix {
         3.436886,0.000000,-0.000000,0.000000,0.000000,7.358848,-0.000000,0.000000,0.000000,-0.000000,7.358848,0.000000,0.000000,0.000000,0.000000,1.000000;;
        }
       }

       Frame Bip01_R_Forearm {
        

        FrameTransformMatrix {
         -0.291278,0.000000,-0.956639,0.000000,0.000000,1.000000,-0.000000,0.000000,0.956639,-0.000000,-0.291278,0.000000,3.436886,-0.000000,0.000000,1.000000;;
        }

        Frame {
         

         FrameTransformMatrix {
          3.094447,-0.000000,-0.000000,0.000000,-0.000000,6.201233,0.000000,0.000000,-0.000000,-0.000000,6.201233,0.000000,0.000000,0.000000,0.000000,1.000000;;
         }
        }

        Frame Bip01_R_Hand {
         

         FrameTransformMatrix {
          0.539769,0.060383,0.839644,0.000000,-0.125798,0.992010,0.009530,0.000000,-0.832361,-0.110770,0.543053,0.000000,3.094446,0.000000,-0.000000,1.000000;;
         }

         Frame {
          

          FrameTransformMatrix {
           0.839067,-0.000000,-0.000000,0.000000,-0.000000,1.533391,0.000000,0.000000,0.000000,-0.000000,1.860090,0.000000,0.000000,0.000000,0.000000,1.000000;;
          }
         }

         Frame Bip01_R_Finger0 {
          

          FrameTransformMatrix {
           0.965178,0.250867,0.074146,0.000000,-0.253772,0.829119,0.498157,0.000000,0.063495,-0.499626,0.863911,0.000000,0.623955,0.892073,0.205606,1.000000;;
          }

          Frame {
           

           FrameTransformMatrix {
            0.379005,0.000000,-0.000000,0.000000,-0.000000,0.792097,-0.000000,0.000000,0.000000,0.000000,0.801572,0.000000,0.000000,0.000000,0.000000,1.000000;;
           }
          }

          Frame Bip01_R_Finger01 {
           

           FrameTransformMatrix {
            0.305965,0.000000,0.952043,0.000000,0.000000,1.000000,-0.000000,0.000000,-0.952043,0.000000,0.305965,0.000000,0.379004,0.000000,-0.000000,1.000000;;
           }

           Frame {
            

            FrameTransformMatrix {
             0.951049,-0.000000,0.000000,0.000000,0.000000,0.383348,-0.000000,0.000000,-0.000000,0.000000,0.383348,0.000000,0.000000,0.000000,0.000000,1.000000;;
            }
           }

           Frame Bip01_R_Finger0Nub {
            

            FrameTransformMatrix {
             1.000000,0.000000,0.000000,0.000000,0.000000,-1.000000,0.000000,0.000000,0.000000,-0.000000,1.000000,0.000000,0.951049,-0.000000,0.000000,1.000000;;
            }

            Frame {
             

             FrameTransformMatrix {
              0.158508,0.000000,-0.000000,0.000000,-0.000000,0.095837,0.000000,0.000000,-0.000000,-0.000000,0.095837,0.000000,0.000000,0.000000,0.000000,1.000000;;
             }
            }
           }
          }
         }

         Frame Bip01_R_Finger1 {
          

          FrameTransformMatrix {
           0.986945,-0.121259,0.105996,0.000000,0.102970,0.981132,0.163637,0.000000,-0.123838,-0.150587,0.980810,0.000000,1.198958,-0.115258,-0.140989,1.000000;;
          }

          Frame {
           

           FrameTransformMatrix {
            0.482154,-0.000000,0.000000,0.000000,-0.000000,1.083092,-0.000000,0.000000,-0.000000,-0.000000,1.099752,0.000000,0.000000,0.000000,0.000000,1.000000;;
           }
          }

          Frame Bip01_R_Finger11 {
           

           FrameTransformMatrix {
            -0.194540,0.000000,0.980895,0.000000,-0.000000,1.000000,-0.000000,0.000000,-0.980895,0.000000,-0.194540,0.000000,0.482154,-0.000000,0.000000,1.000000;;
           }

           Frame {
            

            FrameTransformMatrix {
             1.415899,0.000000,-0.000000,0.000000,-0.000000,0.460017,-0.000000,0.000000,0.000000,0.000000,0.460017,0.000000,0.000000,0.000000,0.000000,1.000000;;
            }
           }

           Frame Bip01_R_Finger1Nub {
            

            FrameTransformMatrix {
             1.000000,0.000000,-0.000000,0.000000,-0.000000,-1.000000,0.000000,0.000000,0.000000,0.000000,1.000000,0.000000,1.415899,-0.000000,-0.000000,1.000000;;
            }

            Frame {
             

             FrameTransformMatrix {
              0.235983,0.000000,-0.000000,0.000000,-0.000000,0.115004,0.000000,0.000000,0.000000,-0.000000,0.115004,0.000000,0.000000,0.000000,0.000000,1.000000;;
             }
            }
           }
          }
         }

         Frame Bip01_R_Finger2 {
          

          FrameTransformMatrix {
           0.980357,-0.196936,0.010737,0.000000,0.197187,0.979811,-0.032968,0.000000,-0.004027,0.034437,0.999399,0.000000,0.762781,-0.730512,0.118135,1.000000;;
          }

          Frame {
           

           FrameTransformMatrix {
            0.367889,0.000000,-0.000000,0.000000,0.000000,0.799587,-0.000000,0.000000,0.000000,-0.000000,0.925613,0.000000,0.000000,0.000000,0.000000,1.000000;;
           }
          }

          Frame Bip01_R_Finger21 {
           

           FrameTransformMatrix {
            0.345049,-0.000000,0.938585,0.000000,-0.000000,1.000000,-0.000000,0.000000,-0.938585,-0.000000,0.345049,0.000000,0.367889,-0.000000,0.000000,1.000000;;
           }

           Frame {
            

            FrameTransformMatrix {
             0.868590,-0.000000,-0.000000,0.000000,0.000000,0.383348,-0.000000,0.000000,-0.000000,0.000000,0.383348,0.000000,0.000000,0.000000,0.000000,1.000000;;
            }
           }

           Frame Bip01_R_Finger2Nub {
            

            FrameTransformMatrix {
             1.000000,-0.000000,-0.000000,0.000000,-0.000000,-1.000000,0.000000,0.000000,-0.000000,0.000000,1.000000,0.000000,0.868590,0.000000,0.000000,1.000000;;
            }

            Frame {
             

             FrameTransformMatrix {
              0.144765,0.000000,0.000000,0.000000,-0.000000,0.095837,0.000000,0.000000,0.000000,0.000000,0.095837,0.000000,0.000000,0.000000,0.000000,1.000000;;
             }
            }
           }
          }
         }
        }
       }
      }
     }

     Frame Bone29 {
      

      FrameTransformMatrix {
       -0.103940,0.087157,0.990757,0.000000,-0.009094,-0.996195,0.086681,0.000000,0.994542,-0.000001,0.104337,0.000000,1.429877,0.000000,1.577295,1.000000;;
      }

      Frame {
       

       FrameTransformMatrix {
        1.000000,-0.000000,-0.000000,0.000000,-0.000000,1.000000,-0.000000,0.000000,0.000000,-0.000000,1.000000,0.000000,0.000000,0.000000,0.000000,1.000000;;
       }
      }

      Frame Bone30 {
       

       FrameTransformMatrix {
        1.000000,-0.000000,-0.000000,0.000000,0.000000,1.000000,-0.000000,0.000000,0.000000,-0.000000,1.000000,0.000000,1.341318,0.000000,0.000000,1.000000;;
       }
      }
     }
    }

    Frame Bone01 {
     

     FrameTransformMatrix {
      -0.675140,-0.090569,-0.732109,0.000000,0.197772,-0.978326,-0.061355,0.000000,-0.710684,-0.186214,0.678419,0.000000,1.486469,1.418004,-1.421937,1.000000;;
     }

     Frame {
      

      FrameTransformMatrix {
       1.000000,0.000000,-0.000000,0.000000,-0.000000,1.000000,0.000000,0.000000,0.000000,-0.000000,1.000000,0.000000,0.000000,0.000000,0.000000,1.000000;;
      }
     }

     Frame Bone02 {
      

      FrameTransformMatrix {
       -0.207728,0.043152,-0.977234,0.000000,-0.091901,0.993747,0.063416,0.000000,0.973860,0.102982,-0.202463,0.000000,4.728795,0.000007,0.000019,1.000000;;
      }

      Frame Bone03 {
       

       FrameTransformMatrix {
        -0.033809,-0.658753,0.751599,0.000000,0.302693,0.709959,0.635873,0.000000,-0.952488,0.249002,0.175397,0.000000,4.693060,-0.000000,0.000000,1.000000;;
       }

       Frame {
        

        FrameTransformMatrix {
         1.000000,0.000000,0.000000,0.000000,0.000000,1.000000,0.000000,0.000000,-0.000000,-0.000000,1.000000,0.000000,0.000000,0.000000,0.000000,1.000000;;
        }
       }

       Frame Bone04 {
        

        FrameTransformMatrix {
         0.741723,-0.350672,0.571730,0.000000,0.191310,0.927634,0.320774,0.000000,-0.642843,-0.128548,0.755135,0.000000,2.533980,0.000000,0.000000,1.000000;;
        }

        Frame Bone05 {
         

         FrameTransformMatrix {
          0.771941,-0.326389,0.545507,0.000000,0.427327,0.901745,-0.065170,0.000000,-0.470638,0.283417,0.835569,0.000000,6.188722,-0.000001,-0.000001,1.000000;;
         }

         Frame {
          

          FrameTransformMatrix {
           0.999999,0.000000,0.000000,0.000000,-0.000000,1.000000,-0.000000,0.000000,-0.000000,-0.000000,1.000000,0.000000,0.000000,0.000000,0.000000,1.000000;;
          }
         }

         Frame Bone06 {
          

          FrameTransformMatrix {
           0.698747,-0.219622,0.680823,0.000000,0.138697,0.975241,0.172248,0.000000,-0.701795,-0.025930,0.711907,0.000000,6.604618,0.000000,0.000000,1.000000;;
          }

          Frame {
           

           FrameTransformMatrix {
            1.000008,-0.000000,0.000000,0.000000,0.000000,1.000000,0.000000,0.000000,0.000000,0.000000,1.000000,0.000000,0.000000,0.000000,0.000000,1.000000;;
           }
          }

          Frame Bone07 {
           

           FrameTransformMatrix {
            0.999203,0.038353,0.011083,0.000000,-0.038263,0.999234,-0.008256,0.000000,-0.011391,0.007825,0.999905,0.000000,5.564395,0.000000,0.000008,1.000000;;
           }
          }
         }
        }

        Frame Bone23 {
         

         FrameTransformMatrix {
          0.958847,0.034237,0.281853,0.000000,0.034792,0.971053,-0.236317,0.000000,-0.281785,0.236398,0.929899,0.000000,2.227982,0.205997,0.613409,1.000000;;
         }

         Frame {
          

          FrameTransformMatrix {
           1.000000,0.000000,-0.000000,0.000000,-0.000000,1.000000,0.000000,0.000000,-0.000000,-0.000000,1.000000,0.000000,0.000000,0.000000,0.000000,1.000000;;
          }
         }

         Frame Bone24 {
          

          FrameTransformMatrix {
           1.000000,0.000000,0.000000,0.000000,-0.000000,1.000000,0.000000,0.000000,-0.000000,-0.000000,1.000000,0.000000,11.448965,0.000000,-0.000003,1.000000;;
          }
         }
        }
       }

       Frame Bone19 {
        

        FrameTransformMatrix {
         0.480595,-0.169673,0.860372,0.000000,-0.050387,0.974140,0.220255,0.000000,-0.875493,-0.149205,0.459618,0.000000,1.273973,0.218061,0.689098,1.000000;;
        }

        Frame Bone20 {
         

         FrameTransformMatrix {
          0.999770,-0.000000,-0.021434,0.000000,0.000000,1.000000,-0.000000,0.000000,0.021434,-0.000000,0.999770,0.000000,10.441950,-0.000000,0.000000,1.000000;;
         }
        }
       }

       Frame Bone35 {
        

        FrameTransformMatrix {
         0.625223,-0.765065,-0.154177,0.000000,0.775767,0.630827,0.015588,0.000000,0.085333,-0.129351,0.987920,0.000000,0.164130,0.235693,-0.737307,1.000000;;
        }

        Frame {
         

         FrameTransformMatrix {
          1.000000,0.000000,0.000000,0.000000,0.000000,1.000000,-0.000000,0.000000,-0.000000,0.000000,1.000000,0.000000,0.000000,0.000000,0.000000,1.000000;;
         }
        }

        Frame Bone36 {
         

         FrameTransformMatrix {
          1.000000,-0.000000,0.000000,0.000000,0.000000,1.000000,-0.000000,0.000000,0.000000,0.000000,1.000000,0.000000,3.337203,0.000000,0.000000,1.000000;;
         }
        }
       }
      }
     }

     Frame Bone17 {
      

      FrameTransformMatrix {
       0.451599,-0.405136,0.794936,0.000000,0.024037,0.896164,0.443071,0.000000,-0.891897,-0.180982,0.414445,0.000000,3.540383,0.049706,0.787426,1.000000;;
      }

      Frame Bone18 {
       

       FrameTransformMatrix {
        1.000000,-0.000000,0.000000,0.000000,0.000000,1.000000,-0.000000,0.000000,-0.000000,0.000000,1.000000,0.000000,8.044989,-0.000000,0.000000,1.000000;;
       }
      }
     }
    }

    Frame Bone08 {
     

     FrameTransformMatrix {
      -0.619148,-0.290386,-0.729611,0.000000,-0.089097,0.949093,-0.302132,0.000000,0.780203,-0.122058,-0.613502,0.000000,1.494472,-1.366601,-1.403243,1.000000;;
     }

     Frame {
      

      FrameTransformMatrix {
       1.000000,0.000000,0.000000,0.000000,0.000000,1.000000,0.000000,0.000000,-0.000000,-0.000000,1.000000,0.000000,0.000000,0.000000,0.000000,1.000000;;
      }
     }

     Frame Bone09 {
      

      FrameTransformMatrix {
       -0.233433,0.027665,0.971979,0.000000,-0.111835,0.992198,-0.055099,0.000000,-0.965920,-0.121563,-0.228518,0.000000,4.745512,-0.000000,0.000001,1.000000;;
      }

      Frame {
       

       FrameTransformMatrix {
        1.000003,-0.000000,0.000000,0.000000,0.000000,1.000000,0.000000,0.000000,-0.000000,0.000000,1.000000,0.000000,0.000000,0.000000,0.000000,1.000000;;
       }
      }

      Frame Bone10 {
       

       FrameTransformMatrix {
        -0.012765,-0.701322,-0.712730,0.000000,0.197974,0.696905,-0.689297,0.000000,0.980124,-0.149901,0.129947,0.000000,4.526983,-0.000000,0.000002,1.000000;;
       }

       Frame {
        

        FrameTransformMatrix {
         1.000000,0.000000,-0.000000,0.000000,0.000000,1.000000,-0.000000,0.000000,0.000000,0.000000,1.000000,0.000000,0.000000,0.000000,0.000000,1.000000;;
        }
       }

       Frame Bone11 {
        

        FrameTransformMatrix {
         0.687498,-0.235494,-0.686942,0.000000,0.171156,0.971856,-0.161873,0.000000,0.705728,-0.006287,0.708455,0.000000,2.598491,-0.000001,-0.000001,1.000000;;
        }

        Frame {
         

         FrameTransformMatrix {
          1.000000,0.000000,-0.000000,0.000000,0.000000,1.000000,0.000000,0.000000,0.000000,-0.000000,1.000000,0.000000,0.000000,0.000000,0.000000,1.000000;;
         }
        }

        Frame Bone12 {
         

         FrameTransformMatrix {
          0.849803,-0.385877,-0.359072,0.000000,0.374485,0.921394,-0.103894,0.000000,0.370937,-0.046177,0.927509,0.000000,6.002671,0.000000,-0.000002,1.000000;;
         }

         Frame {
          

          FrameTransformMatrix {
           0.999986,0.000000,-0.000000,0.000000,0.000000,1.000000,0.000000,0.000000,0.000000,0.000000,1.000000,0.000000,0.000000,0.000000,0.000000,1.000000;;
          }
         }

         Frame Bone13 {
          

          FrameTransformMatrix {
           0.683061,-0.224983,-0.694846,0.000000,0.141230,0.974104,-0.176570,0.000000,0.716577,0.022475,0.697146,0.000000,6.611179,0.000001,-0.000001,1.000000;;
          }

          Frame {
           

           FrameTransformMatrix {
            1.000013,0.000000,-0.000000,0.000000,0.000000,1.000000,-0.000000,0.000000,0.000000,0.000000,1.000000,0.000000,0.000000,0.000000,0.000000,1.000000;;
           }
          }

          Frame Bone14 {
           

           FrameTransformMatrix {
            0.990418,0.102654,0.092385,0.000000,-0.104346,0.994447,0.013667,0.000000,-0.090469,-0.023176,0.995630,0.000000,5.473309,-0.000000,0.000001,1.000000;;
           }
          }
         }
        }

        Frame Bone25 {
         

         FrameTransformMatrix {
          0.966267,0.027366,-0.256084,0.000000,0.000622,-0.994583,-0.103938,0.000000,-0.257541,0.100272,-0.961051,0.000000,2.351403,0.129254,-0.560392,1.000000;;
         }

         Frame {
          

          FrameTransformMatrix {
           1.000000,0.000000,-0.000000,0.000000,-0.000000,1.000000,0.000000,0.000000,0.000000,-0.000000,1.000000,0.000000,0.000000,0.000000,0.000000,1.000000;;
          }
         }

         Frame Bone26 {
          

          FrameTransformMatrix {
           1.000000,0.000000,0.000000,0.000000,-0.000000,1.000000,0.000000,0.000000,-0.000000,0.000000,1.000000,0.000000,11.447406,0.000000,0.000000,1.000000;;
          }
         }
        }
       }

       Frame Bone21 {
        

        FrameTransformMatrix {
         0.434679,-0.087673,-0.896308,0.000000,-0.123189,0.980107,-0.155612,0.000000,0.892120,0.178056,0.415231,0.000000,1.364799,0.079271,-0.546620,1.000000;;
        }

        Frame {
         

         FrameTransformMatrix {
          0.999999,0.000000,0.000000,0.000000,0.000000,1.000000,-0.000000,0.000000,-0.000000,-0.000000,1.000000,0.000000,0.000000,0.000000,0.000000,1.000000;;
         }
        }

        Frame Bone22 {
         

         FrameTransformMatrix {
          0.999729,-0.000000,0.023266,0.000000,0.000000,1.000000,0.000000,0.000000,-0.023266,0.000000,0.999729,0.000000,10.421343,-0.000000,-0.000001,1.000000;;
         }
        }
       }

       Frame Bone37 {
        

        FrameTransformMatrix {
         0.677626,-0.731890,0.071835,0.000000,-0.734660,-0.678101,0.021302,0.000000,0.033121,-0.067209,-0.997189,0.000000,0.388668,-0.012708,0.855592,1.000000;;
        }

        Frame {
         

         FrameTransformMatrix {
          1.000000,-0.000000,0.000000,0.000000,-0.000000,1.000000,0.000000,0.000000,-0.000000,-0.000000,1.000000,0.000000,0.000000,0.000000,0.000000,1.000000;;
         }
        }

        Frame Bone38 {
         

         FrameTransformMatrix {
          1.000000,-0.000000,-0.000000,0.000000,0.000000,1.000000,0.000000,0.000000,0.000000,-0.000000,1.000000,0.000000,3.330734,-0.000001,-0.000001,1.000000;;
         }
        }
       }
      }
     }

     Frame Bone15 {
      

      FrameTransformMatrix {
       0.462250,-0.358243,-0.811164,0.000000,-0.021877,-0.919090,0.393441,0.000000,-0.886479,-0.164122,-0.432687,0.000000,3.553960,0.033305,-0.757473,1.000000;;
      }

      Frame {
       

       FrameTransformMatrix {
        1.000000,-0.000000,0.000000,0.000000,0.000000,1.000000,-0.000000,0.000000,-0.000000,0.000000,1.000000,0.000000,0.000000,0.000000,0.000000,1.000000;;
       }
      }

      Frame Bone16 {
       

       FrameTransformMatrix {
        1.000000,0.000000,0.000000,0.000000,0.000000,1.000000,-0.000000,0.000000,-0.000000,0.000000,1.000000,0.000000,7.934779,0.000000,0.000000,1.000000;;
       }
      }
     }
    }

    Frame Bone33 {
     

     FrameTransformMatrix {
      -0.850225,0.000001,0.526420,0.000000,-0.000001,-1.000000,0.000001,0.000000,0.526420,0.000001,0.850225,0.000000,1.259907,0.000001,0.911222,1.000000;;
     }

     Frame {
      

      FrameTransformMatrix {
       1.000000,-0.000000,-0.000000,0.000000,-0.000000,1.000000,-0.000000,0.000000,-0.000000,0.000000,1.000000,0.000000,0.000000,0.000000,0.000000,1.000000;;
      }
     }

     Frame Bone34 {
      

      FrameTransformMatrix {
       1.000000,-0.000000,0.000000,0.000000,0.000000,1.000000,-0.000000,0.000000,-0.000000,0.000000,1.000000,0.000000,2.859572,-0.000000,0.000000,1.000000;;
      }
     }
    }
   }

   Frame Bip01_L_Thigh {
    

    FrameTransformMatrix {
     0.292899,0.024728,0.955824,0.000000,-0.083517,-0.995183,0.051339,0.000000,0.952489,-0.094864,-0.289423,0.000000,-1.945226,1.592942,-0.000686,1.000000;;
    }

    Frame {
     

     FrameTransformMatrix {
      2.211881,0.000000,-0.000000,0.000000,0.000000,9.908414,-0.000000,0.000000,0.000000,-0.000000,12.287112,0.000000,0.000000,0.000000,0.000000,1.000000;;
     }
    }

    Frame Bip01_L_Calf {
     

     FrameTransformMatrix {
      0.380033,0.000000,-0.924973,0.000000,0.000000,1.000000,-0.000000,0.000000,0.924973,0.000000,0.380033,0.000000,2.211881,0.000000,0.000000,1.000000;;
     }

     Frame {
      

      FrameTransformMatrix {
       1.549645,-0.000000,0.000000,0.000000,0.000000,9.471286,-0.000000,0.000000,-0.000000,0.000000,9.471286,0.000000,0.000000,0.000000,0.000000,1.000000;;
      }
     }

     Frame Bip01_L_HorseLink {
      

      FrameTransformMatrix {
       0.897462,-0.000000,0.441092,0.000000,0.000000,1.000000,-0.000000,0.000000,-0.441092,0.000000,0.897462,0.000000,1.549646,0.000000,-0.000000,1.000000;;
      }

      Frame {
       

       FrameTransformMatrix {
        1.758800,-0.000000,0.000000,0.000000,0.000000,6.905517,0.000000,0.000000,0.000000,-0.000000,6.905517,0.000000,0.000000,0.000000,0.000000,1.000000;;
       }
      }

      Frame Bip01_L_Foot {
       

       FrameTransformMatrix {
        0.790780,0.028948,0.611415,0.000000,-0.095512,0.992481,0.076541,0.000000,-0.604602,-0.118925,0.787599,0.000000,1.758799,0.000000,-0.000000,1.000000;;
       }

       Frame {
        

        FrameTransformMatrix {
         0.507018,0.000000,0.000000,0.000000,0.000000,1.285733,-0.000000,0.000000,-0.000000,-0.000000,1.072416,0.000000,0.000000,0.000000,0.000000,1.000000;;
        }
       }

       Frame Bip01_L_Toe0 {
        

        FrameTransformMatrix {
         -0.048544,-0.476770,0.877687,0.000000,-0.171902,0.869599,0.462869,0.000000,-0.983917,-0.128406,-0.124172,0.000000,0.529444,-0.644399,0.975027,1.000000;;
        }

        Frame {
         

         FrameTransformMatrix {
          0.387181,0.000000,-0.000000,0.000000,-0.000000,0.318097,0.000000,0.000000,-0.000000,-0.000000,0.325014,0.000000,0.000000,0.000000,0.000000,1.000000;;
         }
        }

        Frame Bip01_L_Toe01 {
         

         FrameTransformMatrix {
          0.314081,-0.000000,-0.949396,0.000000,-0.000000,1.000000,0.000000,0.000000,0.949396,0.000000,0.314081,0.000000,0.387181,-0.000000,0.000000,1.000000;;
         }

         Frame {
          

          FrameTransformMatrix {
           0.874093,0.000000,-0.000000,0.000000,-0.000000,0.203010,0.000000,0.000000,0.000000,-0.000000,0.203010,0.000000,0.000000,0.000000,0.000000,1.000000;;
          }
         }

         Frame Bip01_L_Toe0Nub {
          

          FrameTransformMatrix {
           1.000000,0.000000,0.000000,0.000000,0.000000,-1.000000,-0.000000,0.000000,0.000000,-0.000000,1.000000,0.000000,0.874093,0.000000,0.000000,1.000000;;
          }

          Frame {
           

           FrameTransformMatrix {
            0.145682,-0.000000,-0.000000,0.000000,0.000000,0.050753,-0.000000,0.000000,-0.000000,0.000000,0.050753,0.000000,0.000000,0.000000,0.000000,1.000000;;
           }
          }
         }
